4294967293,131
4294967293,130
4294967293,129
4294967293,128
4294967293,127
4294967293,126
4294967293,125
4294967293,124
4294967293,123
4294967293,122
4294967293,121
4294967293,120
4294967293,119
4294967293,118
4294967293,117
4294967293,116
4294967293,115
4294967293,114
4294967293,113
4294967293,112
4294967293,111
4294967293,110
4294967293,109
4294967293,108
4294967293,107
4294967293,106
4294967293,105
4294967293,104
4294967293,103
4294967293,102
4294967293,101
4294967293,100
4294967293,99
4294967293,98
4294967293,97
4294967293,96
4294967293,95
4294967293,94
4294967293,93
4294967293,92
4294967293,91
4294967293,90
4294967293,89
4294967293,87
4294967293,86
4294967293,85
4294967293,84
4294967293,83
4294967293,82
4294967293,81
4294967293,80
4294967293,79
4294967293,78
4294967293,77
4294967293,76
4294967293,75
4294967293,74
4294967293,73
4294967293,72
4294967293,71
4294967293,70
4294967293,69
4294967293,68
4294967293,67
4294967293,66
4294967293,65
4294967293,64
4294967293,63
4294967293,62
4294967293,61
4294967293,60
4294967293,59
4294967293,58
4294967293,57
4294967293,56
4294967293,55
4294967293,54
4294967293,53
4294967293,52
4294967293,51
4294967293,50
4294967293,49
4294967293,48
4294967293,47
4294967293,46
4294967293,45
4294967293,44
4294967293,43
4294967293,42
4294967293,41
4294967293,40
4294967293,39
4294967293,38
4294967293,37
4294967293,36
4294967293,35
4294967293,34
4294967293,33
4294967293,32
4294967293,31
4294967293,30
4294967293,29
4294967293,28
4294967293,27
4294967293,26
4294967293,25
4294967293,24
4294967293,23
4294967293,22
4294967293,21
4294967293,20
4294967293,19
4294967293,18
4294967293,17
4294967293,16
4294967293,15
4294967293,14
4294967293,13
4294967293,12
4294967293,11
4294967293,10
4294967293,9
4294967293,8
4294967293,7
4294967293,6
4294967293,5
4294967293,4
4294967293,3
4294967278,8
4294967278,7
4294967278,6
4294967278,5
4294967278,4
4294967279,132
4294967279,131
4294967279,130
4294967279,129
4294967279,128
4294967279,127
4294967279,126
4294967279,125
4294967279,124
4294967279,123
4294967279,122
4294967279,121
4294967279,120
4294967279,119
4294967279,118
4294967279,117
4294967279,116
4294967279,115
4294967279,114
4294967279,113
4294967279,112
4294967279,111
4294967279,110
4294967279,109
4294967279,108
4294967279,107
4294967279,106
4294967279,105
4294967279,104
4294967279,103
4294967279,102
4294967279,101
4294967279,100
4294967279,99
4294967279,98
4294967279,97
4294967279,96
4294967279,95
4294967279,94
4294967279,93
4294967279,92
4294967279,91
4294967279,90
4294967279,89
4294967279,87
4294967279,86
4294967279,85
4294967279,84
4294967279,83
4294967279,82
4294967279,81
4294967279,80
4294967279,79
4294967279,78
4294967279,77
4294967279,76
4294967279,75
4294967279,74
4294967279,73
4294967279,72
4294967279,71
4294967279,70
4294967279,69
4294967279,68
4294967279,67
4294967279,66
4294967279,65
4294967279,64
4294967279,63
4294967279,62
4294967279,61
4294967279,60
4294967279,59
4294967279,58
4294967279,57
4294967279,56
4294967279,55
4294967279,54
4294967279,53
4294967279,52
4294967279,51
4294967279,50
4294967279,49
4294967279,48
4294967279,47
4294967279,46
4294967279,45
4294967279,44
4294967279,43
4294967279,42
4294967279,41
4294967279,40
4294967279,39
4294967279,38
4294967294,422
4294967278,134
4294967279,133
4294967294,69
4294967278,133
4294967294,68
4294967294,1412
4294967294,1411
4294967294,1410
4294967278,276
4294967294,443
4294967294,103
4294967294,66
4294967294,387
4294967294,166
4294967294,168
4294967294,161
4294967294,113
4294967294,42
4294967294,76
4294967294,36
4294967294,39
4294967294,41
4294967294,115
4294967294,386
4294967294,51
4294967294,112
4294967294,167
4294967294,162
4294967294,82
4294967294,35
4294967294,439
4294967294,134
4294967294,440
4294967294,425
4294967294,427
4294967294,428
4294967294,151
4294967294,421
4294967278,259
4294967294,424
4294967294,430
4294967294,1404
4294967279,493
4294967294,1403
4294967279,492
4294967294,1402
4294967294,1401
4294967279,491
4294967294,1400
4294967279,490
4294967294,1399
4294967294,1398
4294967279,489
4294967294,1397
4294967279,488
4294967294,1396
4294967294,1409
4294967279,487
4294967294,1395
4294967279,486
4294967294,1394
4294967294,1393
4294967294,0
4294967294,1408
4294967294,1151
4294967279,485
4294967294,1392
4294967279,484
4294967294,1391
4294967279,483
4294967294,1390
4294967294,1389
4294967279,482
4294967294,1388
4294967279,481
4294967294,1387
4294967294,1150
4294967294,1386
4294967279,480
4294967294,1385
4294967279,479
4294967294,1384
4294967279,478
4294967294,1383
4294967294,1382
4294967279,477
4294967294,1381
4294967279,476
4294967294,1380
4294967294,1379
4294967279,475
4294967294,1378
4294967279,474
4294967294,1377
4294967294,1376
4294967279,473
4294967294,1375
4294967279,472
4294967294,1374
4294967294,1149
4294967279,471
4294967294,1373
4294967294,1372
4294967279,470
4294967294,1371
4294967279,469
4294967294,1370
4294967294,1148
4294967279,468
4294967294,1369
4294967294,1368
4294967279,467
4294967294,1367
4294967279,466
4294967294,1366
4294967294,1365
4294967279,465
4294967294,1364
4294967279,464
4294967294,1363
4294967294,1362
4294967279,463
4294967294,1361
4294967279,462
4294967294,1360
4294967294,1359
4294967279,461
4294967294,1358
4294967294,1147
4294967279,460
4294967294,1357
4294967294,1146
4294967279,459
4294967294,1356
4294967294,1355
4294967279,458
4294967294,1354
4294967279,457
4294967294,1353
4294967279,456
4294967294,1352
4294967279,455
4294967294,1351
4294967294,1145
4294967294,1350
4294967279,454
4294967294,1349
4294967279,453
4294967294,1348
4294967279,452
4294967294,1347
4294967294,1346
4294967279,451
4294967294,1345
4294967279,450
